Date,Value,Anomaly
196001,36.1,-5.5
196002,40.4,-4.9
196003,52.9,2.7
196004,58.2,1.2
196005,65.3,-0.6
196006,77.9,2.8
196007,81.2,0.9
196008,79.3,1.0
196009,74.2,1.9
196010,59.7,-1.7
196011,50.2,0.3
196012,39.5,-2.1
196101,42.1,0.5
196102,46.0,0.7
196103,49.4,-0.8
196104,57.8,0.8
196105,65.1,-0.8
196106,77.9,2.8
196107,80.9,0.6
196108,77.4,-0.9
196109,69.1,-3.2
196110,59.7,-1.7
196111,46.6,-3.3
196112,39.1,-2.5
196201,38.8,-2.8
196202,45.0,-0.3
196203,44.7,-5.5
196204,61.6,4.6
196205,63.3,-2.6
196206,73.2,-1.9
196207,79.0,-1.3
196208,79.9,1.6
196209,73.4,1.1
196210,62.1,0.7
196211,53.0,3.1
196212,44.0,2.4
196301,37.3,-4.3
196302,49.2,3.9
196303,48.6,-1.6
196304,54.5,-2.5
196305,68.2,2.3
196306,71.6,-3.5
196307,81.5,1.2
196308,76.7,-1.6
196309,73.9,1.6
196310,64.6,3.2
196311,50.3,0.4
196312,41.1,-0.5
196401,37.4,-4.2
196402,39.1,-6.2
196403,45.0,-5.2
196404,54.2,-2.8
196405,64.3,-1.6
196406,72.7,-2.4
196407,80.9,0.6
196408,76.7,-1.6
196409,70.4,-1.9
196410,64.8,3.4
196411,45.8,-4.1
196412,41.9,0.3
196501,43.3,1.7
196502,43.0,-2.3
196503,46.4,-3.8
196504,54.8,-2.2
196505,61.8,-4.1
196506,69.0,-6.1
196507,78.8,-1.5
196508,77.9,-0.4
196509,68.6,-3.7
196510,63.3,1.9
196511,52.6,2.7
196512,42.2,0.6
196601,37.8,-3.8
196602,39.2,-6.1
196603,50.9,0.7
196604,58.5,1.5
196605,68.1,2.2
196606,74.5,-0.6
196607,80.4,0.1
196608,78.8,0.5
196609,72.1,-0.2
196610,60.4,-1.0
196611,51.8,1.9
196612,41.5,-0.1
196701,40.2,-1.4
196702,46.0,0.7
196703,52.5,2.3
196704,52.3,-4.7
196705,63.9,-2.0
196706,71.5,-3.6
196707,80.2,-0.1
196708,78.1,-0.2
196709,71.6,-0.7
196710,62.8,1.4
196711,52.8,2.9
196712,36.2,-5.4
196801,38.6,-3.0
196802,49.0,3.7
196803,50.0,-0.2
196804,54.4,-2.6
196805,64.6,-1.3
196806,75.1,0.0
196807,78.4,-1.9
196808,74.0,-4.3
196809,71.2,-1.1
196810,61.7,0.3
196811,49.0,-0.9
196812,37.8,-3.8
196901,44.7,3.1
196902,42.7,-2.6
196903,45.8,-4.4
196904,57.5,0.5
196905,67.0,1.1
196906,72.5,-2.6
196907,80.4,0.1
196908,81.1,2.8
196909,73.6,1.3
196910,57.8,-3.6
196911,49.2,-0.7
196912,44.1,2.5
197001,40.8,-0.8
197002,47.8,2.5
197003,47.3,-2.9
197004,51.5,-5.5
197005,66.4,0.5
197006,74.7,-0.4
197007,81.0,0.7
197008,79.3,1.0
197009,69.6,-2.7
197010,57.1,-4.3
197011,50.4,0.5
197012,41.6,0.0
197101,41.0,-0.6
197102,44.1,-1.2
197103,50.6,0.4
197104,55.4,-1.6
197105,61.5,-4.4
197106,73.8,-1.3
197107,81.8,1.5
197108,77.0,-1.3
197109,71.1,-1.2
197110,56.3,-5.1
197111,47.9,-2.0
197112,38.1,-3.5
197201,41.2,-0.4
197202,46.9,1.6
197203,57.0,6.8
197204,58.0,1.0
197205,65.2,-0.7
197206,74.3,-0.8
197207,81.5,1.2
197208,77.2,-1.1
197209,71.2,-1.1
197210,59.3,-2.1
197211,44.9,-5.0
197212,39.0,-2.6
197301,37.3,-4.3
197302,43.6,-1.7
197303,44.0,-6.2
197304,53.1,-3.9
197305,66.1,0.2
197306,74.4,-0.7
197307,79.4,-0.9
197308,78.1,-0.2
197309,70.8,-1.5
197310,61.6,0.2
197311,49.3,-0.6
197312,43.0,1.4
197401,39.9,-1.7
197402,42.5,-2.8
197403,52.2,2.0
197404,56.1,-0.9
197405,67.1,1.2
197406,78.9,3.8
197407,78.7,-1.6
197408,76.8,-1.5
197409,72.1,-0.2
197410,61.8,0.4
197411,49.0,-0.9
197412,38.7,-2.9
197501,40.0,-1.6
197502,42.5,-2.8
197503,47.0,-3.2
197504,50.3,-6.7
197505,62.1,-3.8
197506,72.8,-2.3
197507,79.3,-1.0
197508,77.8,-0.5
197509,72.0,-0.3
197510,60.3,-1.1
197511,48.5,-1.4
197512,42.1,0.5
197601,41.7,0.1
197602,47.7,2.4
197603,47.9,-2.3
197604,54.9,-2.1
197605,66.3,0.4
197606,74.0,-1.1
197607,78.9,-1.4
197608,76.7,-1.6
197609,69.8,-2.5
197610,58.5,-2.9
197611,49.9,0.0
197612,41.3,-0.3
197701,39.6,-2.0
197702,46.4,1.1
197703,46.1,-4.1
197704,58.1,1.1
197705,61.3,-4.6
197706,76.2,1.1
197707,80.3,0.0
197708,79.1,0.8
197709,73.1,0.8
197710,63.7,2.3
197711,51.8,1.9
197712,46.8,5.2
197801,43.1,1.5
197802,44.6,-0.7
197803,52.7,2.5
197804,56.0,-1.0
197805,64.0,-1.9
197806,76.3,1.2
197807,80.6,0.3
197808,77.5,-0.8
197809,71.4,-0.9
197810,64.6,3.2
197811,49.3,-0.6
197812,37.6,-4.0
197901,36.5,-5.1
197902,42.3,-3.0
197903,47.9,-2.3
197904,56.4,-0.6
197905,64.1,-1.8
197906,74.2,-0.9
197907,79.7,-0.6
197908,75.6,-2.7
197909,75.3,3.0
197910,63.8,2.4
197911,46.2,-3.7
197912,43.8,2.2
198001,44.1,2.5
198002,47.6,2.3
198003,47.6,-2.6
198004,56.2,-0.8
198005,61.4,-4.5
198006,75.0,-0.1
198007,81.4,1.1
198008,77.9,-0.4
198009,72.6,0.3
198010,60.8,-0.6
198011,50.5,0.6
198012,47.7,6.1
198101,45.8,4.2
198102,47.3,2.0
198103,48.9,-1.3
198104,60.6,3.6
198105,65.3,-0.6
198106,78.6,3.5
198107,80.7,0.4
198108,79.2,0.9
198109,72.8,0.5
198110,59.1,-2.3
198111,52.4,2.5
198112,45.2,3.6
198201,41.0,-0.6
198202,45.6,0.3
198203,49.2,-1.0
198204,56.8,-0.2
198205,64.2,-1.7
198206,72.2,-2.9
198207,78.5,-1.8
198208,78.2,-0.1
198209,72.0,-0.3
198210,58.2,-3.2
198211,48.2,-1.7
198212,40.8,-0.8
198301,42.6,1.0
198302,45.2,-0.1
198303,48.8,-1.4
198304,51.3,-5.7
198305,64.0,-1.9
198306,72.4,-2.7
198307,79.3,-1.0
198308,77.2,-1.1
198309,74.8,2.5
198310,61.5,0.1
198311,49.2,-0.7
198312,44.1,2.5
198401,42.4,0.8
198402,44.1,-1.2
198403,51.0,0.8
198404,55.2,-1.8
198405,70.9,5.0
198406,74.1,-1.0
198407,78.7,-1.6
198408,76.8,-1.5
198409,73.4,1.1
198410,56.5,-4.9
198411,48.7,-1.2
198412,41.5,-0.1
198501,40.4,-1.2
198502,42.6,-2.7
198503,49.4,-0.8
198504,60.0,3.0
198505,66.7,0.8
198506,76.9,1.8
198507,80.7,0.4
198508,78.8,0.5
198509,67.7,-4.6
198510,60.7,-0.7
198511,47.7,-2.2
198512,43.0,1.4
198601,47.5,5.9
198602,47.8,2.5
198603,54.2,4.0
198604,58.5,1.5
198605,66.6,0.7
198606,76.6,1.5
198607,77.6,-2.7
198608,79.4,1.1
198609,68.0,-4.3
198610,58.6,-2.8
198611,50.0,0.1
198612,42.1,0.5
198701,39.9,-1.7
198702,44.3,-1.0
198703,47.4,-2.8
198704,60.6,3.6
198705,65.1,-0.8
198706,76.3,1.2
198707,77.6,-2.7
198708,77.0,-1.3
198709,71.3,-1.0
198710,64.8,3.4
198711,48.4,-1.5
198712,39.1,-2.5
198801,40.3,-1.3
198802,47.2,1.9
198803,50.3,0.1
198804,57.1,0.1
198805,65.4,-0.5
198806,76.2,1.1
198807,80.9,0.6
198808,77.4,-0.9
198809,70.4,-1.9
198810,66.2,4.8
198811,50.0,0.1
198812,41.0,-0.6
198901,39.4,-2.2
198902,45.8,0.5
198903,55.5,5.3
198904,64.0,7.0
198905,67.7,1.8
198906,75.6,0.5
198907,81.7,1.4
198908,77.3,-1.0
198909,73.1,0.8
198910,61.1,-0.3
198911,51.1,1.2
198912,42.4,0.8
199001,40.8,-0.8
199002,42.7,-2.6
199003,52.0,1.8
199004,59.8,2.8
199005,64.9,-1.0
199006,78.3,3.2
199007,79.3,-1.0
199008,76.0,-2.3
199009,73.1,0.8
199010,62.0,0.6
199011,50.3,0.4
199012,37.4,-4.2
199101,40.7,-0.9
199102,49.2,3.9
199103,45.8,-4.4
199104,55.5,-1.5
199105,63.2,-2.7
199106,71.6,-3.5
199107,79.3,-1.0
199108,78.5,0.2
199109,72.3,0.0
199110,64.1,2.7
199111,49.0,-0.9
199112,41.8,0.2
199201,39.6,-2.0
199202,47.1,1.8
199203,50.2,0.0
199204,61.2,4.2
199205,66.7,0.8
199206,73.5,-1.6
199207,78.1,-2.2
199208,77.5,-0.8
199209,73.3,1.0
199210,63.8,2.4
199211,45.7,-4.2
199212,38.4,-3.2
199301,43.5,1.9
199302,44.5,-0.8
199303,51.8,1.6
199304,58.6,1.6
199305,67.3,1.4
199306,74.2,-0.9
199307,78.3,-2.0
199308,77.5,-0.8
199309,71.8,-0.5
199310,61.0,-0.4
199311,47.2,-2.7
199312,41.9,0.3
199401,43.2,1.6
199402,43.3,-2.0
199403,52.9,2.7
199404,58.2,1.2
199405,65.2,-0.7
199406,79.2,4.1
199407,81.3,1.0
199408,81.3,3.0
199409,73.7,1.4
199410,59.6,-1.8
199411,45.5,-4.4
199412,43.2,1.6
199501,42.1,0.5
199502,50.9,5.6
199503,51.3,1.1
199504,54.9,-2.1
199505,61.7,-4.2
199506,72.1,-3.0
199507,80.3,0.0
199508,81.4,3.1
199509,74.6,2.3
199510,63.1,1.7
199511,55.0,5.1
199512,44.7,3.1
199601,44.2,2.6
199602,50.1,4.8
199603,51.9,1.7
199604,59.9,2.9
199605,69.6,3.7
199606,78.0,2.9
199607,82.3,2.0
199608,80.2,1.9
199609,70.3,-2.0
199610,60.8,-0.6
199611,51.0,1.1
199612,44.2,2.6
199701,42.0,0.4
199702,44.7,-0.6
199703,55.0,4.8
199704,56.2,-0.8
199705,70.5,4.6
199706,73.8,-1.3
199707,79.4,-0.9
199708,79.1,0.8
199709,75.0,2.7
199710,60.2,-1.2
199711,51.0,1.1
199712,39.4,-2.2
199801,43.8,2.2
199802,42.0,-3.3
199803,49.0,-1.2
199804,52.7,-4.3
199805,63.0,-2.9
199806,71.8,-3.3
199807,81.2,0.9
199808,80.4,2.1
199809,73.6,1.3
199810,60.5,-0.9
199811,50.6,0.7
199812,42.7,1.1
199901,45.4,3.8
199902,48.0,2.7
199903,53.0,2.8
199904,53.2,-3.8
199905,65.3,-0.6
199906,74.5,-0.6
199907,78.3,-2.0
199908,77.8,-0.5
199909,72.6,0.3
199910,64.2,2.8
199911,55.1,5.2
199912,42.0,0.4
200001,45.8,4.2
200002,48.4,3.1
200003,50.5,0.3
200004,61.9,4.9
200005,71.2,5.3
200006,77.8,2.7
200007,81.5,1.2
200008,79.4,1.1
200009,74.9,2.6
200010,60.2,-1.2
200011,43.8,-6.1
200012,44.7,3.1
200101,40.3,-1.3
200102,44.2,-1.1
200103,51.8,1.6
200104,57.5,0.5
200105,70.8,4.9
200106,77.5,2.4
200107,79.8,-0.5
200108,79.1,0.8
200109,75.6,3.3
200110,64.7,3.3
200111,52.9,3.0
200112,40.2,-1.4
200201,42.3,0.7
200202,46.2,0.9
200203,49.8,-0.4
200204,62.0,5.0
200205,67.0,1.1
200206,78.8,3.7
200207,82.3,2.0
200208,79.8,1.5
200209,73.6,1.3
200210,60.0,-1.4
200211,51.3,1.4
200212,41.0,-0.6
200301,48.8,7.2
200302,45.5,0.2
200303,50.6,0.4
200304,55.6,-1.4
200305,68.3,2.4
200306,76.3,1.2
200307,83.8,3.5
200308,80.0,1.7
200309,74.8,2.5
200310,67.3,5.9
200311,48.8,-1.1
200312,43.0,1.4
200401,42.8,1.2
200402,42.1,-3.2
200403,58.1,7.9
200404,57.9,0.9
200405,68.4,2.5
200406,75.9,0.8
200407,80.1,-0.2
200408,77.8,-0.5
200409,71.8,-0.5
200410,60.0,-1.4
200411,47.3,-2.6
200412,42.8,1.2
200501,45.2,3.6
200502,46.2,0.9
200503,49.9,-0.3
200504,57.2,0.2
200505,67.9,2.0
200506,74.4,-0.7
200507,82.7,2.4
200508,77.5,-0.8
200509,73.4,1.1
200510,62.8,1.4
200511,52.6,2.7
200512,43.9,2.3
200601,44.1,2.5
200602,47.8,2.5
200603,48.3,-1.9
200604,59.0,2.0
200605,70.0,4.1
200606,79.5,4.4
200607,82.3,2.0
200608,77.9,-0.4
200609,69.8,-2.5
200610,60.2,-1.2
200611,52.8,2.9
200612,41.8,0.2
200701,39.0,-2.6
200702,46.7,1.4
200703,54.5,4.3
200704,59.3,2.3
200705,68.4,2.5
200706,77.3,2.2
200707,82.0,1.7
200708,80.5,2.2
200709,73.8,1.5
200710,62.4,1.0
200711,55.3,5.4
200712,39.9,-1.7
200801,39.8,-1.8
200802,45.0,-0.3
200803,51.8,1.6
200804,58.0,1.0
200805,63.6,-2.3
200806,77.3,2.2
200807,80.5,0.2
200808,79.3,1.0
200809,73.6,1.3
200810,62.9,1.5
200811,53.3,3.4
200812,42.4,0.8
200901,45.2,3.6
200902,46.6,1.3
200903,52.5,2.3
200904,57.0,0.0
200905,70.8,4.9
200906,73.0,-2.1
200907,82.8,2.5
200908,79.7,1.4
200909,74.1,1.8
200910,59.4,-2.0
200911,52.9,3.0
200912,39.0,-2.6