Date,Value,Anomaly
196001,40.3,-3.0
196002,44.0,-2.2
196003,51.9,2.4
196004,54.8,0.8
196005,60.1,-1.6
196006,73.1,4.0
196007,77.2,1.9
196008,73.9,-0.5
196009,70.8,1.5
196010,59.3,-0.9
196011,48.2,-1.7
196012,43.0,-0.2
196101,44.3,1.0
196102,47.3,1.1
196103,48.2,-1.3
196104,55.4,1.4
196105,58.5,-3.2
196106,72.4,3.3
196107,76.8,1.5
196108,75.3,0.9
196109,66.6,-2.7
196110,59.4,-0.8
196111,47.6,-2.3
196112,41.9,-1.3
196201,41.3,-2.0
196202,43.6,-2.6
196203,45.0,-4.5
196204,58.2,4.2
196205,58.0,-3.7
196206,68.2,-0.9
196207,73.8,-1.5
196208,73.8,-0.6
196209,69.6,0.3
196210,59.8,-0.4
196211,51.7,1.8
196212,45.5,2.3
196301,40.5,-2.8
196302,52.0,5.8
196303,47.1,-2.4
196304,49.0,-5.0
196305,61.4,-0.3
196306,65.8,-3.3
196307,72.4,-2.9
196308,72.8,-1.6
196309,70.7,1.4
196310,61.0,0.8
196311,49.2,-0.7
196312,43.1,-0.1
196401,41.0,-2.3
196402,44.0,-2.2
196403,46.2,-3.3
196404,52.5,-1.5
196405,58.2,-3.5
196406,66.3,-2.8
196407,74.8,-0.5
196408,74.0,-0.4
196409,66.9,-2.4
196410,63.8,3.6
196411,46.1,-3.8
196412,45.0,1.8
196501,43.6,0.3
196502,45.7,-0.5
196503,48.4,-1.1
196504,52.8,-1.2
196505,59.3,-2.4
196506,64.7,-4.4
196507,73.3,-2.0
196508,73.7,-0.7
196509,64.6,-4.7
196510,63.0,2.8
196511,50.7,0.8
196512,40.6,-2.6
196601,40.8,-2.5
196602,42.1,-4.1
196603,49.9,0.4
196604,57.8,3.8
196605,63.8,2.1
196606,68.8,-0.3
196607,72.9,-2.4
196608,75.8,1.4
196609,69.0,-0.3
196610,60.4,0.2
196611,51.0,1.1
196612,43.8,0.6
196701,43.5,0.2
196702,46.6,0.4
196703,48.0,-1.5
196704,44.9,-9.1
196705,60.8,-0.9
196706,66.1,-3.0
196707,76.8,1.5
196708,77.8,3.4
196709,70.8,1.5
196710,61.6,1.4
196711,53.4,3.5
196712,39.6,-3.6
196801,41.7,-1.6
196802,50.1,3.9
196803,50.4,0.9
196804,54.0,0.0
196805,60.5,-1.2
196806,70.0,0.9
196807,75.4,0.1
196808,70.9,-3.5
196809,69.1,-0.2
196810,59.4,-0.8
196811,49.6,-0.3
196812,40.0,-3.2
196901,42.8,-0.5
196902,41.5,-4.7
196903,47.0,-2.5
196904,53.4,-0.6
196905,63.7,2.0
196906,66.8,-2.3
196907,75.2,-0.1
196908,76.1,1.7
196909,70.9,1.6
196910,56.4,-3.8
196911,51.0,1.1
196912,45.1,1.9
197001,44.7,1.4
197002,48.3,2.1
197003,49.4,-0.1
197004,49.9,-4.1
197005,62.7,1.0
197006,69.4,0.3
197007,76.5,1.2
197008,75.1,0.7
197009,67.7,-1.6
197010,58.0,-2.2
197011,50.9,1.0
197012,41.2,-2.0
197101,42.8,-0.5
197102,45.1,-1.1
197103,48.0,-1.5
197104,51.8,-2.2
197105,57.3,-4.4
197106,66.8,-2.3
197107,75.7,0.4
197108,76.0,1.6
197109,68.5,-0.8
197110,55.9,-4.3
197111,47.9,-2.0
197112,38.7,-4.5
197201,39.9,-3.4
197202,46.9,0.7
197203,54.4,4.9
197204,53.8,-0.2
197205,62.2,0.5
197206,69.8,0.7
197207,76.5,1.2
197208,74.0,-0.4
197209,66.6,-2.7
197210,57.3,-2.9
197211,46.7,-3.2
197212,39.0,-4.2
197301,40.2,-3.1
197302,45.8,-0.4
197303,44.9,-4.6
197304,53.9,-0.1
197305,64.3,2.6
197306,71.0,1.9
197307,75.1,-0.2
197308,73.3,-1.1
197309,67.5,-1.8
197310,58.9,-1.3
197311,47.9,-2.0
197312,44.8,1.6
197401,41.5,-1.8
197402,44.4,-1.8
197403,49.3,-0.2
197404,52.5,-1.5
197405,61.4,-0.3
197406,70.8,1.7
197407,74.2,-1.1
197408,73.7,-0.7
197409,71.8,2.5
197410,60.4,0.2
197411,49.5,-0.4
197412,42.0,-1.2
197501,42.5,-0.8
197502,43.8,-2.4
197503,46.0,-3.5
197504,47.1,-6.9
197505,60.8,-0.9
197506,68.0,-1.1
197507,73.8,-1.5
197508,72.1,-2.3
197509,71.0,1.7
197510,57.5,-2.7
197511,47.9,-2.0
197512,44.7,1.5
197601,44.4,1.1
197602,46.0,-0.2
197603,47.3,-2.2
197604,50.8,-3.2
197605,63.2,1.5
197606,67.9,-1.2
197607,74.7,-0.6
197608,69.7,-4.7
197609,68.0,-1.3
197610,60.5,0.3
197611,53.1,3.2
197612,43.9,0.7
197701,41.3,-2.0
197702,48.8,2.6
197703,45.3,-4.2
197704,56.6,2.6
197705,54.8,-6.9
197706,71.4,2.3
197707,74.8,-0.5
197708,75.0,0.6
197709,67.8,-1.5
197710,61.2,1.0
197711,51.3,1.4
197712,47.4,4.2
197801,45.4,2.1
197802,46.5,0.3
197803,52.6,3.1
197804,51.5,-2.5
197805,61.1,-0.6
197806,69.0,-0.1
197807,74.8,-0.5
197808,73.8,-0.6
197809,66.7,-2.6
197810,63.7,3.5
197811,47.0,-2.9
197812,39.2,-4.0
197901,40.1,-3.2
197902,43.4,-2.8
197903,49.2,-0.3
197904,53.6,-0.4
197905,62.5,0.8
197906,69.6,0.5
197907,74.5,-0.8
197908,71.9,-2.5
197909,72.2,2.9
197910,61.1,0.9
197911,48.2,-1.7
197912,45.7,2.5
198001,45.9,2.6
198002,48.8,2.6
198003,47.3,-2.2
198004,54.5,0.5
198005,58.2,-3.5
198006,65.5,-3.6
198007,75.4,0.1
198008,73.0,-1.4
198009,68.6,-0.7
198010,61.4,1.2
198011,51.2,1.3
198012,47.1,3.9
198101,46.7,3.4
198102,47.7,1.5
198103,48.7,-0.8
198104,56.5,2.5
198105,61.9,0.2
198106,73.2,4.1
198107,75.5,0.2
198108,75.8,1.4
198109,70.4,1.1
198110,56.7,-3.5
198111,51.8,1.9
198112,46.7,3.5
198201,40.4,-2.9
198202,46.9,0.7
198203,46.8,-2.7
198204,52.1,-1.9
198205,61.7,0.0
198206,66.4,-2.7
198207,73.1,-2.2
198208,73.9,-0.5
198209,67.1,-2.2
198210,58.4,-1.8
198211,46.7,-3.2
198212,42.5,-0.7
198301,44.2,0.9
198302,46.8,0.6
198303,48.6,-0.9
198304,49.8,-4.2
198305,61.3,-0.4
198306,67.5,-1.6
198307,71.9,-3.4
198308,73.7,-0.7
198309,71.0,1.7
198310,61.4,1.2
198311,49.2,-0.7
198312,45.2,2.0
198401,45.4,2.1
198402,46.1,-0.1
198403,52.0,2.5
198404,52.9,-1.1
198405,65.3,3.6
198406,68.2,-0.9
198407,77.0,1.7
198408,74.9,0.5
198409,72.2,2.9
198410,56.2,-4.0
198411,47.6,-2.3
198412,40.8,-2.4
198501,41.7,-1.6
198502,45.2,-1.0
198503,46.4,-3.1
198504,58.2,4.2
198505,61.2,-0.5
198506,72.3,3.2
198507,77.2,1.9
198508,73.0,-1.4
198509,64.4,-4.9
198510,58.9,-1.3
198511,46.0,-3.9
198512,43.4,0.2
198601,48.8,5.5
198602,48.8,2.6
198603,53.6,4.1
198604,54.6,0.6
198605,62.2,0.5
198606,71.2,2.1
198607,72.9,-2.4
198608,76.0,1.6
198609,63.5,-5.8
198610,59.1,-1.1
198611,51.7,1.8
198612,44.1,0.9
198701,41.4,-1.9
198702,46.2,0.0
198703,48.6,-0.9
198704,59.3,5.3
198705,63.5,1.8
198706,71.0,1.9
198707,70.9,-4.4
198708,74.3,-0.1
198709,69.8,0.5
198710,64.0,3.8
198711,49.4,-0.5
198712,40.9,-2.3
198801,42.7,-0.6
198802,48.5,2.3
198803,51.6,2.1
198804,55.2,1.2
198805,60.3,-1.4
198806,68.2,-0.9
198807,77.6,2.3
198808,74.5,0.1
198809,69.4,0.1
198810,64.6,4.4
198811,49.8,-0.1
198812,42.5,-0.7
198901,40.9,-2.4
198902,42.7,-3.5
198903,51.8,2.3
198904,60.0,6.0
198905,61.4,-0.3
198906,69.5,0.4
198907,75.3,0.0
198908,72.1,-2.3
198909,68.1,-1.2
198910,58.9,-1.3
198911,51.8,1.9
198912,44.8,1.6
199001,43.1,-0.2
199002,42.7,-3.5
199003,51.4,1.9
199004,58.4,4.4
199005,60.2,-1.5
199006,69.4,0.3
199007,76.4,1.1
199008,73.7,-0.7
199009,69.9,0.6
199010,62.0,1.8
199011,50.0,0.1
199012,38.4,-4.8
199101,43.6,0.3
199102,51.5,5.3
199103,44.8,-4.7
199104,52.7,-1.3
199105,57.9,-3.8
199106,66.2,-2.9
199107,75.4,0.1
199108,73.2,-1.2
199109,72.2,2.9
199110,64.5,4.3
199111,51.6,1.7
199112,44.0,0.8
199201,43.2,-0.1
199202,49.1,2.9
199203,50.8,1.3
199204,58.9,4.9
199205,67.0,5.3
199206,69.0,-0.1
199207,73.8,-1.5
199208,76.2,1.8
199209,70.8,1.5
199210,62.6,2.4
199211,49.5,-0.4
199212,40.3,-2.9
199301,41.3,-2.0
199302,44.0,-2.2
199303,52.9,3.4
199304,55.2,1.2
199305,62.3,0.6
199306,68.0,-1.1
199307,72.2,-3.1
199308,73.2,-1.2
199309,69.5,0.2
199310,61.4,1.2
199311,48.8,-1.1
199312,43.1,-0.1
199401,45.7,2.4
199402,43.7,-2.5
199403,52.8,3.3
199404,55.9,1.9
199405,61.3,-0.4
199406,70.9,1.8
199407,76.5,1.2
199408,75.8,1.4
199409,69.8,0.5
199410,58.6,-1.6
199411,42.9,-7.0
199412,42.1,-1.1
199501,44.7,1.4
199502,51.3,5.1
199503,48.9,-0.6
199504,52.9,-1.1
199505,58.4,-3.3
199506,66.1,-3.0
199507,74.2,-1.1
199508,75.0,0.6
199509,71.2,1.9
199510,62.2,2.0
199511,55.9,6.0
199512,46.4,3.2
199601,45.6,2.3
199602,48.8,2.6
199603,51.5,2.0
199604,56.8,2.8
199605,62.5,0.8
199606,70.4,1.3
199607,78.1,2.8
199608,76.7,2.3
199609,68.4,-0.9
199610,59.2,-1.0
199611,51.1,1.2
199612,45.6,2.4
199701,44.5,1.2
199702,46.6,0.4
199703,54.0,4.5
199704,55.6,1.6
199705,67.6,5.9
199706,68.4,-0.7
199707,74.0,-1.3
199708,74.9,0.5
199709,70.8,1.5
199710,59.0,-1.2
199711,51.6,1.7
199712,42.4,-0.8
199801,45.1,1.8
199802,43.6,-2.6
199803,49.2,-0.3
199804,51.6,-2.4
199805,54.9,-6.8
199806,65.2,-3.9
199807,76.0,0.7
199808,77.2,2.8
199809,69.2,-0.1
199810,57.7,-2.5
199811,48.8,-1.1
199812,42.0,-1.2
199901,45.0,1.7
199902,44.9,-1.3
199903,47.5,-2.0
199904,51.3,-2.7
199905,60.4,-1.3
199906,67.8,-1.3
199907,73.3,-2.0
199908,72.6,-1.8
199909,70.7,1.4
199910,63.7,3.5
199911,53.0,3.1
199912,45.3,2.1
200001,45.8,2.5
200002,47.2,1.0
200003,50.2,0.7
200004,57.8,3.8
200005,63.9,2.2
200006,72.2,3.1
200007,73.5,-1.8
200008,75.0,0.6
200009,69.1,-0.2
200010,58.4,-1.8
200011,46.0,-3.9
200012,46.5,3.3
200101,42.3,-1.0
200102,43.1,-3.1
200103,52.6,3.1
200104,52.0,-2.0
200105,68.6,6.9
200106,71.4,2.3
200107,74.2,-1.1
200108,76.0,1.6
200109,71.2,1.9
200110,63.6,3.4
200111,51.6,1.7
200112,42.8,-0.4
200201,42.4,-0.9
200202,48.2,2.0
200203,48.5,-1.0
200204,56.0,2.0
200205,61.5,-0.2
200206,71.2,2.1
200207,77.4,2.1
200208,74.4,0.0
200209,70.9,1.6
200210,59.4,-0.8
200211,52.3,2.4
200212,44.0,0.8
200301,50.0,6.7
200302,45.7,-0.5
200303,51.4,1.9
200304,50.0,-4.0
200305,62.0,0.3
200306,71.2,2.1
200307,78.7,3.4
200308,75.0,0.6
200309,72.9,3.6
200310,65.4,5.2
200311,46.8,-3.1
200312,44.0,0.8
200401,43.5,0.2
200402,44.2,-2.0
200403,56.9,7.4
200404,57.3,3.3
200405,63.2,1.5
200406,70.4,1.3
200407,76.1,0.8
200408,74.8,0.4
200409,69.4,0.1
200410,58.2,-2.0
200411,47.7,-2.2
200412,44.6,1.4
200501,44.1,0.8
200502,47.1,0.9
200503,51.1,1.6
200504,53.0,-1.0
200505,62.2,0.5
200506,66.2,-2.9
200507,78.4,3.1
200508,75.8,1.4
200509,66.9,-2.4
200510,59.9,-0.3
200511,52.4,2.5
200512,46.1,2.9
200601,44.6,1.3
200602,47.7,1.5
200603,44.0,-5.5
200604,53.0,-1.0
200605,64.6,2.9
200606,73.2,4.1
200607,79.3,4.0
200608,73.8,-0.6
200609,69.5,0.2
200610,58.8,-1.4
200611,51.3,1.4
200612,43.9,0.7
200701,41.5,-1.8
200702,46.7,0.5
200703,54.4,4.9
200704,56.3,2.3
200705,64.1,2.4
200706,70.5,1.4
200707,76.9,1.6
200708,76.1,1.7
200709,67.5,-1.8
200710,58.6,-1.6
200711,53.3,3.4
200712,41.2,-2.0
200801,41.1,-2.2
200802,45.8,-0.4
200803,50.3,0.8
200804,54.4,0.4
200805,61.7,0.0
200806,71.1,2.0
200807,76.5,1.2
200808,76.6,2.2
200809,71.8,2.5
200810,61.8,1.6
200811,53.9,4.0
200812,42.0,-1.2
200901,46.9,3.6
200902,45.2,-1.0
200903,49.2,-0.3
200904,54.3,0.3
200905,66.7,5.0
200906,67.5,-1.6
200907,77.6,2.3
200908,74.8,0.4
200909,73.0,3.7
200910,58.1,-2.1
200911,50.9,1.0
200912,41.8,-1.4