Date,Value,Anomaly
196001,30.0,-4.1
196002,32.5,-5.7
196003,44.6,0.4
196004,53.0,1.2
196005,59.6,-1.2
196006,71.0,1.5
196007,71.5,-1.6
196008,71.8,0.9
196009,66.0,1.6
196010,53.2,-1.0
196011,43.6,0.7
196012,30.2,-4.5
196101,31.7,-2.4
196102,37.9,-0.3
196103,43.6,-0.6
196104,51.0,-0.8
196105,61.3,0.5
196106,70.1,0.6
196107,72.2,-0.9
196108,70.4,-0.5
196109,62.1,-2.3
196110,53.5,-0.7
196111,39.1,-3.8
196112,33.1,-1.6
196201,30.5,-3.6
196202,41.3,3.1
196203,38.9,-5.3
196204,54.0,2.2
196205,61.2,0.4
196206,67.7,-1.8
196207,71.5,-1.6
196208,72.2,1.3
196209,65.2,0.8
196210,55.5,1.3
196211,44.8,1.9
196212,36.7,2.0
196301,28.8,-5.3
196302,38.8,0.6
196303,43.6,-0.6
196304,53.4,1.6
196305,63.0,2.2
196306,68.5,-1.0
196307,75.1,2.0
196308,70.6,-0.3
196309,66.3,1.9
196310,57.9,3.7
196311,43.9,1.0
196312,32.7,-2.0
196401,30.2,-3.9
196402,29.3,-8.9
196403,39.7,-4.5
196404,49.6,-2.2
196405,61.3,0.5
196406,68.6,-0.9
196407,74.4,1.3
196408,71.5,0.6
196409,64.3,-0.1
196410,55.4,1.2
196411,41.8,-1.1
196412,34.5,-0.2
196501,36.8,2.7
196502,34.9,-3.3
196503,38.7,-5.5
196504,52.2,0.4
196505,59.0,-1.8
196506,66.4,-3.1
196507,73.0,-0.1
196508,69.8,-1.1
196509,62.7,-1.7
196510,54.4,0.2
196511,46.5,3.6
196512,36.6,1.9
196601,29.2,-4.9
196602,32.2,-6.0
196603,44.6,0.4
196604,52.2,0.4
196605,62.2,1.4
196606,68.4,-1.1
196607,75.3,2.2
196608,69.8,-1.1
196609,64.3,-0.1
196610,53.1,-1.1
196611,45.8,2.9
196612,33.6,-1.1
196701,33.6,-0.5
196702,38.6,0.4
196703,48.5,4.3
196704,53.6,1.8
196705,59.0,-1.8
196706,67.8,-1.7
196707,73.3,0.2
196708,68.8,-2.1
196709,63.2,-1.2
196710,55.1,0.9
196711,44.3,1.4
196712,30.4,-4.3
196801,33.3,-0.8
196802,39.5,1.3
196803,42.6,-1.6
196804,48.5,-3.3
196805,59.1,-1.7
196806,69.8,0.3
196807,71.0,-2.1
196808,68.4,-2.5
196809,62.6,-1.8
196810,55.4,1.2
196811,41.0,-1.9
196812,32.4,-2.3
196901,39.0,4.9
196902,37.2,-1.0
196903,37.3,-6.9
196904,53.4,1.6
196905,61.0,0.2
196906,67.5,-2.0
196907,74.4,1.3
196908,73.5,2.6
196909,64.9,0.5
196910,51.9,-2.3
196911,41.0,-1.9
196912,36.9,2.2
197001,32.8,-1.3
197002,40.0,1.8
197003,40.0,-4.2
197004,48.2,-3.6
197005,60.6,-0.2
197006,67.5,-2.0
197007,73.2,0.1
197008,71.9,1.0
197009,63.5,-0.9
197010,49.3,-4.9
197011,42.8,-0.1
197012,37.2,2.5
197101,34.3,0.2
197102,36.7,-1.5
197103,44.6,0.4
197104,50.1,-1.7
197105,58.5,-2.3
197106,69.5,0.0
197107,73.3,0.2
197108,68.6,-2.3
197109,62.8,-1.6
197110,52.2,-2.0
197111,42.5,-0.4
197112,33.5,-1.2
197201,35.2,1.1
197202,39.7,1.5
197203,49.2,5.0
197204,53.3,1.5
197205,59.6,-1.2
197206,68.8,-0.7
197207,72.5,-0.6
197208,69.2,-1.7
197209,63.7,-0.7
197210,55.0,0.8
197211,36.8,-6.1
197212,33.5,-1.2
197301,30.6,-3.5
197302,35.5,-2.7
197303,40.9,-3.3
197304,45.5,-6.3
197305,58.3,-2.5
197306,67.2,-2.3
197307,71.3,-1.8
197308,70.4,-0.5
197309,63.4,-1.0
197310,54.7,0.5
197311,44.8,1.9
197312,35.2,0.5
197401,33.7,-0.4
197402,35.5,-2.7
197403,48.5,4.3
197404,51.4,-0.4
197405,63.7,2.9
197406,71.4,1.9
197407,72.1,-1.0
197408,68.3,-2.6
197409,61.2,-3.2
197410,54.2,0.0
197411,41.7,-1.2
197412,31.7,-3.0
197501,32.6,-1.5
197502,35.8,-2.4
197503,42.4,-1.8
197504,47.5,-4.3
197505,57.0,-3.8
197506,67.8,-1.7
197507,70.4,-2.7
197508,70.3,-0.6
197509,61.7,-2.7
197510,54.0,-0.2
197511,41.3,-1.6
197512,35.4,0.7
197601,33.0,-1.1
197602,42.7,4.5
197603,43.2,-1.0
197604,51.8,0.0
197605,58.9,-1.9
197606,68.6,-0.9
197607,70.9,-2.2
197608,69.9,-1.0
197609,63.1,-1.3
197610,49.4,-4.8
197611,38.5,-4.4
197612,32.5,-2.2
197701,30.5,-3.6
197702,38.0,-0.2
197703,40.8,-3.4
197704,51.8,0.0
197705,60.0,-0.8
197706,70.9,1.4
197707,73.1,0.0
197708,72.7,1.8
197709,66.8,2.4
197710,55.8,1.6
197711,44.5,1.6
197712,39.5,4.8
197801,34.1,0.0
197802,35.8,-2.4
197803,45.9,1.7
197804,53.8,2.0
197805,59.4,-1.4
197806,70.6,1.1
197807,74.6,1.5
197808,70.2,-0.7
197809,63.6,-0.8
197810,55.4,1.2
197811,43.7,0.8
197812,31.6,-3.1
197901,29.0,-5.1
197902,36.1,-2.1
197903,42.8,-1.4
197904,51.1,-0.7
197905,58.6,-2.2
197906,66.7,-2.8
197907,73.0,-0.1
197908,68.8,-2.1
197909,65.2,0.8
197910,56.8,2.6
197911,37.7,-5.2
197912,35.8,1.1
198001,36.5,2.4
198002,39.4,1.2
198003,41.9,-2.3
198004,49.0,-2.8
198005,57.9,-2.9
198006,72.4,2.9
198007,76.2,3.1
198008,71.6,0.7
198009,65.4,1.0
198010,51.7,-2.5
198011,41.1,-1.8
198012,40.5,5.8
198101,36.9,2.8
198102,39.8,1.6
198103,42.8,-1.4
198104,55.1,3.3
198105,59.9,-0.9
198106,71.9,2.4
198107,73.4,0.3
198108,69.8,-1.1
198109,64.4,0.0
198110,53.9,-0.3
198111,45.8,2.9
198112,38.5,3.8
198201,34.7,0.6
198202,36.7,-1.5
198203,44.7,0.5
198204,51.7,-0.1
198205,58.7,-2.1
198206,67.8,-1.7
198207,73.0,-0.1
198208,71.9,1.0
198209,65.4,1.0
198210,51.9,-2.3
198211,41.4,-1.5
198212,33.1,-1.6
198301,34.2,0.1
198302,37.7,-0.5
198303,43.4,-0.8
198304,45.8,-6.0
198305,57.2,-3.6
198306,66.5,-3.0
198307,73.0,-0.1
198308,72.5,1.6
198309,67.8,3.4
198310,55.3,1.1
198311,43.5,0.6
198312,33.2,-1.5
198401,32.4,-1.7
198402,37.2,-1.0
198403,43.0,-1.2
198404,49.2,-2.6
198405,63.9,3.1
198406,68.5,-1.0
198407,72.3,-0.8
198408,69.9,-1.0
198409,64.0,-0.4
198410,49.8,-4.4
198411,42.3,-0.6
198412,36.2,1.5
198501,31.9,-2.2
198502,35.2,-3.0
198503,45.0,0.8
198504,53.4,1.6
198505,60.7,-0.1
198506,69.2,-0.3
198507,72.5,-0.6
198508,71.6,0.7
198509,62.5,-1.9
198510,53.7,-0.5
198511,43.7,0.8
198512,34.7,0.0
198601,39.2,5.1
198602,40.6,2.4
198603,47.4,3.2
198604,54.1,2.3
198605,60.2,-0.6
198606,68.2,-1.3
198607,71.2,-1.9
198608,71.5,0.6
198609,63.0,-1.4
198610,52.0,-2.2
198611,41.2,-1.7
198612,34.3,-0.4
198701,32.3,-1.8
198702,37.2,-1.0
198703,40.9,-3.3
198704,50.6,-1.2
198705,58.5,-2.3
198706,68.2,-1.3
198707,71.8,-1.3
198708,69.7,-1.2
198709,62.8,-1.6
198710,56.5,2.3
198711,41.8,-1.1
198712,32.7,-2.0
198801,31.0,-3.1
198802,39.1,0.9
198803,42.9,-1.3
198804,51.0,-0.8
198805,59.7,-1.1
198806,69.3,-0.2
198807,71.8,-1.3
198808,70.2,-0.7
198809,62.5,-1.9
198810,56.8,2.6
198811,43.8,0.9
198812,33.5,-1.2
198901,34.2,0.1
198902,37.8,-0.4
198903,48.7,4.5
198904,56.3,4.5
198905,63.6,2.8
198906,69.2,-0.3
198907,73.2,0.1
198908,70.2,-0.7
198909,64.0,-0.4
198910,54.2,0.0
198911,43.8,0.9
198912,32.6,-2.1
199001,33.6,-0.5
199002,37.0,-1.2
199003,45.0,0.8
199004,53.4,1.6
199005,59.7,-1.1
199006,74.5,5.0
199007,71.2,-1.9
199008,68.6,-2.3
199009,65.8,1.4
199010,54.2,0.0
199011,44.2,1.3
199012,32.0,-2.7
199101,32.7,-1.4
199102,40.7,2.5
199103,43.0,-1.2
199104,51.6,-0.2
199105,61.1,0.3
199106,68.1,-1.4
199107,70.6,-2.5
199108,70.0,-0.9
199109,62.5,-1.9
199110,55.2,1.0
199111,40.1,-2.8
199112,34.5,-0.2
199201,31.6,-2.5
199202,39.4,1.2
199203,45.3,1.1
199204,54.6,2.8
199205,59.4,-1.4
199206,66.9,-2.6
199207,71.5,-1.6
199208,69.9,-1.0
199209,65.3,0.9
199210,56.4,2.2
199211,37.8,-5.1
199212,32.6,-2.1
199301,36.8,2.7
199302,38.2,0.0
199303,45.0,0.8
199304,52.2,0.4
199305,60.5,-0.3
199306,69.2,-0.3
199307,73.6,0.5
199308,70.5,-0.4
199309,63.6,-0.8
199310,52.7,-1.5
199311,40.0,-2.9
199312,35.4,0.7
199401,35.2,1.1
199402,37.2,-1.0
199403,46.0,1.8
199404,52.2,0.4
199405,61.1,0.3
199406,73.7,4.2
199407,74.5,1.4
199408,73.6,2.7
199409,65.4,1.0
199410,53.5,-0.7
199411,42.5,-0.4
199412,38.4,3.7
199501,35.7,1.6
199502,44.0,5.8
199503,45.7,1.5
199504,49.5,-2.3
199505,58.7,-2.1
199506,67.4,-2.1
199507,72.6,-0.5
199508,73.7,2.8
199509,65.0,0.6
199510,55.3,1.1
199511,46.7,3.8
199512,37.5,2.8
199601,36.3,2.2
199602,42.9,4.7
199603,43.4,-0.8
199604,53.2,1.4
199605,66.7,5.9
199606,72.0,2.5
199607,73.8,0.7
199608,71.0,0.1
199609,62.3,-2.1
199610,53.6,-0.6
199611,43.9,1.0
199612,37.0,2.3
199701,32.9,-1.2
199702,36.9,-1.3
199703,47.4,3.2
199704,48.5,-3.3
199705,61.4,0.6
199706,68.5,-1.0
199707,72.9,-0.2
199708,71.6,0.7
199709,67.9,3.5
199710,53.7,-0.5
199711,41.8,-1.1
199712,31.3,-3.4
199801,37.1,3.0
199802,37.3,-0.9
199803,43.1,-1.1
199804,48.3,-3.5
199805,61.8,1.0
199806,69.9,0.4
199807,74.3,1.2
199808,71.5,0.6
199809,68.9,4.5
199810,55.4,1.2
199811,45.7,2.8
199812,36.9,2.2
199901,39.3,5.2
199902,42.6,4.4
199903,46.9,2.7
199904,50.3,-1.5
199905,59.8,-1.0
199906,68.3,-1.2
199907,72.4,-0.7
199908,71.1,0.2
199909,64.4,0.0
199910,55.0,0.8
199911,47.7,4.8
199912,34.2,-0.5
200001,38.9,4.8
200002,43.7,5.5
200003,45.7,1.5
200004,55.5,3.7
200005,66.0,5.2
200006,70.7,1.2
200007,74.6,1.5
200008,73.2,2.3
200009,68.0,3.6
200010,53.9,-0.3
200011,37.1,-5.8
200012,35.2,0.5
200101,31.8,-2.3
200102,39.3,1.1
200103,44.4,0.2
200104,54.2,2.4
200105,63.1,2.3
200106,71.5,2.0
200107,75.2,2.1
200108,71.5,0.6
200109,66.7,2.3
200110,56.8,2.6
200111,45.7,2.8
200112,34.7,0.0
200201,36.0,1.9
200202,37.0,-1.2
200203,43.6,-0.6
200204,57.3,5.5
200205,62.7,1.9
200206,73.8,4.3
200207,73.8,0.7
200208,73.2,2.3
200209,65.4,1.0
200210,52.8,-1.4
200211,42.5,-0.4
200212,34.5,-0.2
200301,40.2,6.1
200302,38.6,0.4
200303,45.1,0.9
200304,52.9,1.1
200305,63.2,2.4
200306,69.2,-0.3
200307,76.8,3.7
200308,73.5,2.6
200309,66.0,1.6
200310,58.9,4.7
200311,44.6,1.7
200312,36.8,2.1
200401,36.6,2.5
200402,35.0,-3.2
200403,49.7,5.5
200404,51.4,-0.4
200405,63.1,2.3
200406,69.9,0.4
200407,72.3,-0.8
200408,69.3,-1.6
200409,63.9,-0.5
200410,54.2,0.0
200411,41.4,-1.5
200412,35.7,1.0
200501,39.9,5.8
200502,40.1,1.9
200503,43.1,-1.1
200504,51.7,-0.1
200505,61.6,0.8
200506,69.8,0.3
200507,75.0,1.9
200508,70.8,-0.1
200509,67.3,2.9
200510,55.2,1.0
200511,45.3,2.4
200512,36.8,2.1
200601,38.2,4.1
200602,40.1,1.9
200603,45.3,1.1
200604,56.2,4.4
200605,65.0,4.2
200606,73.0,3.5
200607,74.6,1.5
200608,70.2,-0.7
200609,60.9,-3.5
200610,53.6,-0.6
200611,45.3,2.4
200612,34.5,-0.2
200701,30.8,-3.3
200702,39.2,1.0
200703,47.6,3.4
200704,51.6,-0.2
200705,60.0,-0.8
200706,69.8,0.3
200707,73.3,0.2
200708,73.7,2.8
200709,67.0,2.6
200710,56.5,2.3
200711,46.1,3.2
200712,35.0,0.3
200801,32.5,-1.6
200802,39.6,1.4
200803,44.9,0.7
200804,51.6,-0.2
200805,60.2,-0.6
200806,71.9,2.4
200807,72.0,-1.1
200808,71.0,0.1
200809,63.7,-0.7
200810,54.9,0.7
200811,44.6,1.7
200812,36.8,2.1
200901,37.8,3.7
200902,41.8,3.6
200903,47.2,3.0
200904,51.7,-0.1
200905,63.6,2.8
200906,69.0,-0.5
200907,74.8,1.7
200908,72.2,1.3
200909,63.9,-0.5
200910,52.5,-1.7
200911,45.2,2.3
200912,31.6,-3.1