Date,Value,Anomaly
196001,44.1,-1.3
196002,43.7,-5.9
196003,50.6,-6.3
196004,66.6,1.3
196005,71.5,-1.3
196006,81.2,1.8
196007,81.7,-0.5
196008,81.2,-0.3
196009,76.2,0.8
196010,68.1,2.0
196011,56.1,0.7
196012,42.9,-4.2
196101,41.4,-4.0
196102,49.6,0.0
196103,57.9,1.0
196104,63.7,-1.6
196105,73.4,0.6
196106,77.6,-1.8
196107,79.6,-2.6
196108,79.4,-2.1
196109,75.1,-0.3
196110,65.7,-0.4
196111,51.3,-4.1
196112,46.6,-0.5
196201,40.1,-5.3
196202,55.7,6.1
196203,53.0,-3.9
196204,64.6,-0.7
196205,75.6,2.8
196206,78.4,-1.0
196207,82.9,0.7
196208,83.8,2.3
196209,76.5,1.1
196210,69.4,3.3
196211,54.9,-0.5
196212,46.8,-0.3
196301,39.2,-6.2
196302,47.7,-1.9
196303,59.2,2.3
196304,70.0,4.7
196305,74.4,1.6
196306,80.1,0.7
196307,83.8,1.6
196308,83.2,1.7
196309,77.1,1.7
196310,70.3,4.2
196311,56.7,1.3
196312,40.7,-6.4
196401,44.6,-0.8
196402,43.8,-5.8
196403,55.2,-1.7
196404,67.0,1.7
196405,74.4,1.6
196406,79.5,0.1
196407,84.2,2.0
196408,83.4,1.9
196409,75.8,0.4
196410,63.9,-2.2
196411,57.0,1.6
196412,47.3,0.2
196501,49.2,3.8
196502,46.2,-3.4
196503,49.5,-7.4
196504,68.2,2.9
196505,72.9,0.1
196506,78.8,-0.6
196507,83.0,0.8
196508,80.9,-0.6
196509,76.8,1.4
196510,64.3,-1.8
196511,60.7,5.3
196512,50.6,3.5
196601,40.3,-5.1
196602,44.8,-4.8
196603,56.7,-0.2
196604,64.8,-0.5
196605,71.6,-1.2
196606,78.1,-1.3
196607,84.0,1.8
196608,79.5,-2.0
196609,74.4,-1.0
196610,63.5,-2.6
196611,58.6,3.2
196612,45.5,-1.6
196701,46.5,1.1
196702,48.2,-1.4
196703,62.0,5.1
196704,70.6,5.3
196705,71.9,-0.9
196706,80.3,0.9
196707,81.6,-0.6
196708,79.6,-1.9
196709,72.3,-3.1
196710,64.9,-1.2
196711,55.3,-0.1
196712,45.3,-1.8
196801,44.5,-0.9
196802,45.1,-4.5
196803,53.6,-3.3
196804,63.7,-1.6
196805,71.7,-1.1
196806,78.4,-1.0
196807,79.7,-2.5
196808,80.8,-0.7
196809,73.1,-2.3
196810,67.4,1.3
196811,52.9,-2.5
196812,46.4,-0.7
196901,48.9,3.5
196902,49.6,0.0
196903,49.0,-7.9
196904,65.8,0.5
196905,71.3,-1.5
196906,79.1,-0.3
196907,85.1,2.9
196908,83.1,1.6
196909,75.6,0.2
196910,64.4,-1.7
196911,53.4,-2.0
196912,49.1,2.0
197001,41.8,-3.6
197002,49.5,-0.1
197003,51.7,-5.2
197004,65.3,0.0
197005,70.7,-2.1
197006,77.8,-1.6
197007,81.9,-0.3
197008,82.3,0.8
197009,75.7,0.3
197010,62.3,-3.8
197011,52.6,-2.8
197012,53.2,6.1
197101,48.8,3.4
197102,49.7,0.1
197103,56.8,-0.1
197104,64.2,-1.1
197105,72.3,-0.5
197106,80.3,0.9
197107,82.2,0.0
197108,77.1,-4.4
197109,74.4,-1.0
197110,66.8,0.7
197111,55.9,0.5
197112,50.6,3.5
197201,47.1,1.7
197202,50.6,1.0
197203,61.1,4.2
197204,68.8,3.5
197205,71.0,-1.8
197206,79.1,-0.3
197207,80.0,-2.2
197208,79.4,-2.1
197209,77.2,1.8
197210,66.0,-0.1
197211,48.8,-6.6
197212,44.1,-3.0
197301,41.0,-4.4
197302,46.4,-3.2
197303,58.0,1.1
197304,60.1,-5.2
197305,70.8,-2.0
197306,77.4,-2.0
197307,80.8,-1.4
197308,79.7,-1.8
197309,75.1,-0.3
197310,67.5,1.4
197311,59.9,4.5
197312,47.9,0.8
197401,45.4,0.0
197402,50.9,1.3
197403,62.6,5.7
197404,66.0,0.7
197405,75.5,2.7
197406,78.6,-0.8
197407,82.4,0.2
197408,79.0,-2.5
197409,69.1,-6.3
197410,65.3,-0.8
197411,53.6,-1.8
197412,45.8,-1.3
197501,47.8,2.4
197502,47.9,-1.7
197503,55.4,-1.5
197504,63.6,-1.7
197505,71.7,-1.1
197506,78.6,-0.8
197507,79.2,-3.0
197508,80.1,-1.4
197509,71.8,-3.6
197510,66.0,-0.1
197511,55.4,0.0
197512,47.8,0.7
197601,45.0,-0.4
197602,56.2,6.6
197603,58.3,1.4
197604,65.3,0.0
197605,68.3,-4.5
197606,78.0,-1.4
197607,78.0,-4.2
197608,80.1,-1.4
197609,73.9,-1.5
197610,58.3,-7.8
197611,47.8,-7.6
197612,44.6,-2.5
197701,38.7,-6.7
197702,50.2,0.6
197703,56.8,-0.1
197704,64.0,-1.3
197705,73.4,0.6
197706,80.4,1.0
197707,83.0,0.8
197708,83.2,1.7
197709,80.1,4.7
197710,67.3,1.2
197711,56.8,1.4
197712,49.5,2.4
197801,38.3,-7.1
197802,40.8,-8.8
197803,55.4,-1.5
197804,67.8,2.5
197805,74.0,1.2
197806,80.2,0.8
197807,84.6,2.4
197808,81.0,-0.5
197809,75.5,0.1
197810,65.5,-0.6
197811,56.5,1.1
197812,45.6,-1.5
197901,37.2,-8.2
197902,45.7,-3.9
197903,56.9,0.0
197904,64.6,-0.7
197905,69.8,-3.0
197906,77.2,-2.2
197907,81.9,-0.3
197908,79.6,-1.9
197909,74.1,-1.3
197910,68.7,2.6
197911,51.2,-4.2
197912,47.6,0.5
198001,46.9,1.5
198002,48.0,-1.6
198003,55.2,-1.7
198004,62.5,-2.8
198005,72.2,-0.6
198006,83.0,3.6
198007,86.1,3.9
198008,83.0,1.5
198009,77.7,2.3
198010,63.8,-2.3
198011,52.1,-3.3
198012,49.3,2.2
198101,45.9,0.5
198102,49.8,0.2
198103,55.4,-1.5
198104,68.0,2.7
198105,70.9,-1.9
198106,79.3,-0.1
198107,82.5,0.3
198108,80.4,-1.1
198109,75.0,-0.4
198110,66.2,0.1
198111,57.5,2.1
198112,48.8,1.7
198201,46.1,0.7
198202,46.4,-3.2
198203,58.9,2.0
198204,64.0,-1.3
198205,71.5,-1.3
198206,78.2,-1.2
198207,82.7,0.5
198208,83.2,1.7
198209,77.0,1.6
198210,65.6,-0.5
198211,54.7,-0.7
198212,47.5,0.4
198301,44.0,-1.4
198302,48.5,-1.1
198303,55.1,-1.8
198304,60.7,-4.6
198305,70.7,-2.1
198306,76.7,-2.7
198307,82.0,-0.2
198308,82.8,1.3
198309,76.7,1.3
198310,67.5,1.4
198311,57.5,2.1
198312,38.4,-8.7
198401,41.7,-3.7
198402,50.4,0.8
198403,57.0,0.1
198404,64.4,-0.9
198405,73.9,1.1
198406,79.9,0.5
198407,81.8,-0.4
198408,81.7,0.2
198409,73.7,-1.7
198410,65.6,-0.5
198411,54.5,-0.9
198412,52.8,5.7
198501,40.3,-5.1
198502,45.7,-3.9
198503,59.4,2.5
198504,66.6,1.3
198505,73.6,0.8
198506,78.3,-1.1
198507,81.0,-1.2
198508,83.4,1.9
198509,76.0,0.6
198510,66.4,0.3
198511,57.6,2.2
198512,44.1,-3.0
198601,48.9,3.5
198602,53.2,3.6
198603,59.7,2.8
198604,68.5,3.2
198605,72.3,-0.5
198606,78.4,-1.0
198607,82.8,0.6
198608,81.0,-0.5
198609,77.2,1.8
198610,64.5,-1.6
198611,53.8,-1.6
198612,45.9,-1.2
198701,45.0,-0.4
198702,50.6,1.0
198703,53.2,-3.7
198704,62.2,-3.1
198705,72.1,-0.7
198706,77.3,-2.1
198707,80.6,-1.6
198708,82.2,0.7
198709,74.4,-1.0
198710,65.6,-0.5
198711,55.0,-0.4
198712,47.5,0.4
198801,42.0,-3.4
198802,48.4,-1.2
198803,56.2,-0.7
198804,64.0,-1.3
198805,71.3,-1.5
198806,78.3,-1.1
198807,81.1,-1.1
198808,82.1,0.6
198809,75.6,0.2
198810,66.3,0.2
198811,58.1,2.7
198812,48.5,1.4
198901,50.0,4.6
198902,45.4,-4.2
198903,57.6,0.7
198904,66.6,1.3
198905,75.3,2.5
198906,77.6,-1.8
198907,81.6,-0.6
198908,80.5,-1.0
198909,73.1,-2.3
198910,66.9,0.8
198911,56.9,1.5
198912,39.7,-7.4
199001,50.2,4.8
199002,53.3,3.7
199003,57.3,0.4
199004,64.7,-0.6
199005,72.8,0.0
199006,83.6,4.2
199007,79.9,-2.3
199008,80.5,-1.0
199009,76.4,1.0
199010,64.5,-1.6
199011,58.3,2.9
199012,45.8,-1.3
199101,43.4,-2.0
199102,52.5,2.9
199103,59.3,2.4
199104,67.1,1.8
199105,74.6,1.8
199106,79.4,0.0
199107,80.9,-1.3
199108,80.3,-1.2
199109,72.4,-3.0
199110,67.1,1.0
199111,50.9,-4.5
199112,49.2,2.1
199201,45.4,0.0
199202,53.0,3.4
199203,58.9,2.0
199204,64.5,-0.8
199205,69.6,-3.2
199206,77.9,-1.5
199207,81.4,-0.8
199208,78.2,-3.3
199209,76.0,0.6
199210,67.4,1.3
199211,51.8,-3.6
199212,48.6,1.5
199301,45.5,0.1
199302,49.3,-0.3
199303,56.0,-0.9
199304,63.0,-2.3
199305,70.6,-2.2
199306,79.0,-0.4
199307,83.1,0.9
199308,82.9,1.4
199309,75.0,-0.4
199310,64.4,-1.7
199311,51.0,-4.4
199312,49.2,2.1
199401,46.6,1.2
199402,49.1,-0.5
199403,58.4,1.5
199404,65.0,-0.3
199405,71.5,-1.3
199406,82.1,2.7
199407,82.9,0.7
199408,81.5,0.0
199409,74.4,-1.0
199410,66.8,0.7
199411,58.0,2.6
199412,50.6,3.5
199501,48.0,2.6
199502,53.2,3.6
199503,56.5,-0.4
199504,63.8,-1.5
199505,72.4,-0.4
199506,77.4,-2.0
199507,82.7,0.5
199508,82.2,0.7
199509,75.4,0.0
199510,66.3,0.2
199511,55.9,0.5
199512,48.8,1.7
199601,45.9,0.5
199602,52.9,3.3
199603,53.1,-3.8
199604,64.5,-0.8
199605,78.5,5.7
199606,81.1,1.7
199607,83.6,1.4
199608,80.3,-1.2
199609,73.9,-1.5
199610,65.8,-0.3
199611,55.9,0.5
199612,49.8,2.7
199701,44.9,-0.5
199702,49.0,-0.6
199703,59.4,2.5
199704,59.7,-5.6
199705,70.5,-2.3
199706,77.6,-1.8
199707,82.7,0.5
199708,81.8,0.3
199709,78.0,2.6
199710,66.0,-0.1
199711,52.5,-2.9
199712,45.0,-2.1
199801,50.6,5.2
199802,51.1,1.5
199803,55.0,-1.9
199804,63.0,-2.3
199805,77.2,4.4
199806,83.9,4.5
199807,86.4,4.2
199808,82.3,0.8
199809,79.5,4.1
199810,68.5,2.4
199811,58.5,3.1
199812,48.2,1.1
199901,50.3,4.9
199902,56.6,7.0
199903,57.6,0.7
199904,66.9,1.6
199905,72.8,0.0
199906,79.2,-0.2
199907,81.8,-0.4
199908,84.3,2.8
199909,75.8,0.4
199910,65.8,-0.3
199911,59.6,4.2
199912,48.6,1.5
200001,50.7,5.3
200002,57.0,7.4
200003,61.4,4.5
200004,66.1,0.8
200005,76.9,4.1
200006,78.6,-0.8
200007,84.1,1.9
200008,84.2,2.7
200009,78.1,2.7
200010,67.2,1.1
200011,51.1,-4.3
200012,42.4,-4.7
200101,43.9,-1.5
200102,51.9,2.3
200103,53.3,-3.6
200104,67.8,2.5
200105,74.1,1.3
200106,80.9,1.5
200107,85.1,2.9
200108,82.8,1.3
200109,74.9,-0.5
200110,65.4,-0.7
200111,58.9,3.5
200112,49.4,2.3
200201,48.7,3.3
200202,47.1,-2.5
200203,55.4,-1.5
200204,69.1,3.8
200205,74.0,1.2
200206,80.6,1.2
200207,80.9,-1.3
200208,82.8,1.3
200209,76.0,0.6
200210,64.9,-1.2
200211,53.0,-2.4
200212,47.8,0.7
200301,46.2,0.8
200302,48.3,-1.3
200303,57.2,0.3
200304,66.6,1.3
200305,75.8,3.0
200306,78.5,-0.9
200307,82.1,-0.1
200308,82.9,1.4
200309,73.9,-1.5
200310,67.4,1.3
200311,58.0,2.6
200312,49.1,2.0
200401,48.9,3.5
200402,47.4,-2.2
200403,61.8,4.9
200404,64.3,-1.0
200405,73.7,0.9
200406,78.7,-0.7
200407,80.7,-1.5
200408,79.2,-2.3
200409,75.2,-0.2
200410,69.7,3.6
200411,55.7,0.3
200412,47.6,0.5
200501,50.7,5.3
200502,51.9,2.3
200503,56.5,-0.4
200504,64.3,-1.0
200505,71.8,-1.0
200506,80.5,1.1
200507,82.4,0.2
200508,81.3,-0.2
200509,79.9,4.5
200510,66.4,0.3
200511,58.7,3.3
200512,47.2,0.1
200601,52.9,7.5
200602,50.2,0.6
200603,61.1,4.2
200604,70.7,5.4
200605,75.7,2.9
200606,80.8,1.4
200607,83.4,1.2
200608,83.6,2.1
200609,74.1,-1.3
200610,66.8,0.7
200611,57.9,2.5
200612,48.2,1.1
200701,42.5,-2.9
200702,49.4,-0.2
200703,61.9,5.0
200704,61.7,-3.6
200705,71.4,-1.4
200706,77.9,-1.5
200707,79.0,-3.2
200708,81.8,0.3
200709,77.1,1.7
200710,68.6,2.5
200711,57.6,2.2
200712,49.2,2.1
200801,46.1,0.7
200802,53.2,3.6
200803,58.4,1.5
200804,65.3,0.0
200805,74.3,1.5
200806,82.9,3.5
200807,81.7,-0.5
200808,80.8,-0.7
200809,73.3,-2.1
200810,65.4,-0.7
200811,56.8,1.4
200812,48.2,1.1
200901,47.9,2.5
200902,55.5,5.9
200903,59.5,2.6
200904,64.8,-0.5
200905,73.6,0.8
200906,81.7,2.3
200907,84.1,1.9
200908,83.3,1.8
200909,74.1,-1.3
200910,64.2,-1.9
200911,57.3,1.9
200912,43.1,-4.0